   Time      Pc            Tc         R           L           T_eff       M           ignore
#   [yr]       [dyn/cm^2]   [K]         [R_sun]     [L_sun]     [K]         [M_sun]     []
  2.0000e+06  2.2191e+14  7.3370e+05  5.4221e-01  2.1398e-02  2.9979e+03  5.0000e-02  7.5172e-52
  2.0000e+06  2.0889e+14  7.4688e+05  5.7087e-01  2.4153e-02  3.0113e+03  5.3480e-02  7.5172e-52
  2.0000e+06  1.9753e+14  7.6087e+05  6.0016e-01  2.7180e-02  3.0247e+03  5.7200e-02  7.5172e-52
  2.0000e+06  1.8768e+14  7.7600e+05  6.3022e-01  3.0511e-02  3.0383e+03  6.1180e-02  7.5172e-52
  2.0000e+06  1.7825e+14  7.9083e+05  6.6113e-01  3.4196e-02  3.0527e+03  6.5440e-02  7.5172e-52
  2.0000e+06  1.7188e+14  8.0957e+05  6.9171e-01  3.8125e-02  3.0665e+03  7.0000e-02 -8.7700e-52
  2.0000e+06  1.6867e+14  8.1945e+05  7.0796e-01  4.0329e-02  3.0742e+03  7.2540e-02  7.5172e-52
  2.0000e+06  1.6654e+14  8.3094e+05  7.2395e-01  4.2588e-02  3.0815e+03  7.5180e-02  7.5172e-52
  2.0000e+06  1.6512e+14  8.4378e+05  7.3982e-01  4.4914e-02  3.0890e+03  7.7910e-02  7.5172e-52
  2.0000e+06  1.6464e+14  8.5753e+05  7.5434e-01  4.7171e-02  3.0968e+03  8.0730e-02  7.5172e-52
  2.0000e+06  1.6418e+14  8.7150e+05  7.6902e-01  4.9534e-02  3.1047e+03  8.3670e-02  7.5172e-52
  2.0000e+06  1.6429e+14  8.8645e+05  7.8332e-01  5.1927e-02  3.1130e+03  8.6700e-02  7.5172e-52
  2.0000e+06  1.6581e+14  9.0357e+05  7.9598e-01  5.4202e-02  3.1210e+03  8.9850e-02  7.5172e-52
  2.0000e+06  1.6634e+14  9.1898e+05  8.0914e-01  5.6627e-02  3.1299e+03  9.3110e-02  7.5172e-52
  2.0000e+06  1.6934e+14  9.3874e+05  8.2049e-01  5.8882e-02  3.1388e+03  9.6500e-02  7.5172e-52
  2.0000e+06  1.7305e+14  9.5983e+05  8.3122e-01  6.1139e-02  3.1478e+03  1.0000e-01  7.5172e-52
  2.0000e+06  1.7697e+14  9.8090e+05  8.4115e-01  6.3329e-02  3.1567e+03  1.0350e-01  7.5172e-52
  2.0000e+06  1.8572e+14  1.0090e+06  8.4621e-01  6.4897e-02  3.1669e+03  1.0720e-01  7.5172e-52
  2.0000e+06  1.9056e+14  1.0318e+06  8.5571e-01  6.7150e-02  3.1764e+03  1.1100e-01  7.5172e-52
  2.0000e+06  1.9548e+14  1.0557e+06  8.6530e-01  6.9479e-02  3.1852e+03  1.1490e-01 -8.7700e-52
  2.0000e+06  2.0049e+14  1.0800e+06  8.7505e-01  7.1904e-02  3.1950e+03  1.1890e-01  7.5172e-52
  2.0000e+06  2.0519e+14  1.1042e+06  8.8538e-01  7.4499e-02  3.2049e+03  1.2310e-01  7.5172e-52
  2.0000e+06  2.1025e+14  1.1279e+06  8.9505e-01  7.7075e-02  3.2147e+03  1.2750e-01  7.5172e-52    
  2.0000e+06  2.1563e+14  1.1537e+06  9.0496e-01  7.9776e-02  3.2246e+03  1.3200e-01  7.5172e-52
  2.0000e+06  2.2092e+14  1.1801e+06  9.1541e-01  8.2642e-02  3.2341e+03  1.3660e-01  7.5172e-52
  2.0000e+06  2.2604e+14  1.2063e+06  9.2630e-01  8.5681e-02  3.2449e+03  1.4140e-01  7.5172e-52
  2.0000e+06  2.3094e+14  1.2327e+06  9.3769e-01  8.8914e-02  3.2548e+03  1.4640e-01  7.5172e-52
  2.0000e+06  2.3912e+14  1.2648e+06  9.4664e-01  9.1820e-02  3.2654e+03  1.5160e-01  7.5172e-52
  2.0000e+06  2.4377e+14  1.2918e+06  9.5883e-01  9.5416e-02  3.2759e+03  1.5690e-01  7.5172e-52
  2.0000e+06  2.4823e+14  1.3190e+06  9.7135e-01  9.9207e-02  3.2864e+03  1.6240e-01  7.5172e-52
  2.0000e+06  2.5282e+14  1.3472e+06  9.8408e-01  1.0318e-01  3.2970e+03  1.6820e-01  7.5172e-52
  2.0000e+06  2.5730e+14  1.3759e+06  9.9712e-01  1.0733e-01  3.3081e+03  1.7410e-01  7.5172e-52
  2.0000e+06  2.6089e+14  1.4027e+06  1.0104e+00  1.1178e-01  3.3198e+03  1.8020e-01  7.5172e-52
  2.0000e+06  2.6575e+14  1.4331e+06  1.0239e+00  1.1629e-01  3.3310e+03  1.8660e-01  7.5172e-52
  2.0000e+06  2.7068e+14  1.4636e+06  1.0373e+00  1.2110e-01  3.3433e+03  1.9320e-01  7.5172e-52
  2.0000e+06  3.4780e+14  1.9234e+06  1.2158e+00  2.0657e-01  3.5287e+03  3.0000e-01  7.5172e-52
  2.0000e+06  3.5585e+14  1.9591e+06  1.2263e+00  2.1318e-01  3.5416e+03  3.0780e-01  7.5172e-52
  2.0000e+06  3.6137e+14  1.9914e+06  1.2377e+00  2.2032e-01  3.5550e+03  3.1570e-01  7.5172e-52
  2.0000e+06  3.6691e+14  2.0234e+06  1.2490e+00  2.2775e-01  3.5680e+03  3.2390e-01  7.5172e-52
  2.0000e+06  3.7015e+14  2.0522e+06  1.2616e+00  2.3609e-01  3.5816e+03  3.3230e-01  7.5172e-52
  2.0000e+06  3.7808e+14  2.0895e+06  1.2715e+00  2.4361e-01  3.5954e+03  3.4090e-01  7.5172e-52
  2.0000e+06  3.8368e+14  2.1233e+06  1.2831e+00  2.5200e-01  3.6090e+03  3.4970e-01  7.5172e-52
  2.0000e+06  3.9005e+14  2.1570e+06  1.2935e+00  2.6001e-01  3.6240e+03  3.5870e-01  7.5172e-52
  2.0000e+06  3.9342e+14  2.1890e+06  1.3074e+00  2.6993e-01  3.6380e+03  3.6800e-01  7.5172e-52
  2.0000e+06  3.9906e+14  2.2238e+06  1.3201e+00  2.7946e-01  3.6530e+03  3.7750e-01  7.5172e-52
  2.0000e+06  4.0459e+14  2.2592e+06  1.3327e+00  2.8943e-01  3.6670e+03  3.8730e-01  7.5172e-52
  2.0000e+06  4.1008e+14  2.2948e+06  1.3454e+00  2.9978e-01  3.6820e+03  3.9730e-01  7.5172e-52
  2.0000e+06  4.1552e+14  2.3309e+06  1.3577e+00  3.1060e-01  3.6970e+03  4.0760e-01  7.5172e-52
  2.0000e+06  4.2060e+14  2.3672e+06  1.3712e+00  3.2174e-01  3.7120e+03  4.1810e-01  7.5172e-52
  2.0000e+06  4.2823e+14  2.4083e+06  1.3840e+00  3.3313e-01  3.7270e+03  4.2900e-01  7.5172e-52
  2.0000e+06  4.3339e+14  2.4461e+06  1.3975e+00  3.4539e-01  3.7422e+03  4.4010e-01  7.5172e-52
  2.0000e+06  4.3853e+14  2.4836e+06  1.4116e+00  3.5802e-01  3.7580e+03  4.5140e-01  7.5172e-52
  2.0000e+06  4.4357e+14  2.5217e+06  1.4258e+00  3.7122e-01  3.7730e+03  4.6310e-01  7.5172e-52
  2.0000e+06  4.4860e+14  2.5607e+06  1.4401e+00  3.8492e-01  3.7880e+03  4.7510e-01  7.5172e-52
  2.0000e+06  4.5364e+14  2.5994e+06  1.4549e+00  3.9923e-01  3.8033e+03  4.8740e-01  7.5172e-52
  2.0000e+06  4.5862e+14  2.6387e+06  1.4694e+00  4.1414e-01  3.8191e+03  5.0000e-01  7.5172e-52
  2.0000e+06  4.6534e+14  2.6704e+06  1.4765e+00  4.2250e-01  3.8292e+03  5.0850e-01  7.5172e-52
  2.0000e+06  4.6688e+14  2.6927e+06  1.4862e+00  4.3291e-01  3.8400e+03  5.1710e-01  7.5172e-52
  2.0000e+06  4.6641e+14  2.7142e+06  1.5000e+00  4.4557e-01  3.8508e+03  5.2590e-01  2.3804e-51
  2.0000e+06  4.6982e+14  2.7417e+06  1.5100e+00  4.5658e-01  3.8610e+03  5.3480e-01  7.5172e-52
  2.0000e+06  4.7274e+14  2.7688e+06  1.5201e+00  4.6788e-01  3.8720e+03  5.4390e-01  7.5172e-52
  2.0000e+06  4.7582e+14  2.7959e+06  1.5306e+00  4.7951e-01  3.8821e+03  5.5310e-01  7.5172e-52
  2.0000e+06  4.7955e+14  2.8239e+06  1.5412e+00  4.9148e-01  3.8930e+03  5.6250e-01  7.5172e-52
  2.0000e+06  4.8227e+14  2.8508e+06  1.5517e+00  5.0375e-01  3.9040e+03  5.7200e-01  7.5172e-52
  2.0000e+06  4.8547e+14  2.8791e+06  1.5620e+00  5.1634e-01  3.9141e+03  5.8170e-01 -8.7700e-52
  2.0000e+06  4.8855e+14  2.9079e+06  1.5728e+00  5.2928e-01  3.9252e+03  5.9160e-01  7.5172e-52
  2.0000e+06  4.9170e+14  2.9360e+06  1.5834e+00  5.4258e-01  3.9360e+03  6.0160e-01 -8.7700e-52
  2.0000e+06  4.9715e+14  2.9698e+06  1.5940e+00  5.5586e-01  3.9469e+03  6.1180e-01  7.5172e-52
  2.0000e+06  5.0024e+14  2.9986e+06  1.6054e+00  5.6988e-01  3.9582e+03  6.2220e-01  7.5172e-52
  2.0000e+06  5.0331e+14  3.0280e+06  1.6164e+00  5.8428e-01  3.9690e+03  6.3280e-01  7.5172e-52
  2.0000e+06  5.0636e+14  3.0581e+06  1.6278e+00  5.9910e-01  3.9797e+03  6.4350e-01  7.5172e-52
  2.0000e+06  5.0945e+14  3.0870e+06  1.6394e+00  6.1428e-01  3.9910e+03  6.5440e-01  7.5172e-52
  2.0000e+06  5.1240e+14  3.1175e+06  1.6505e+00  6.2986e-01  4.0022e+03  6.6550e-01  7.5172e-52
  2.0000e+06  5.1547e+14  3.1477e+06  1.6619e+00  6.4588e-01  4.0135e+03  6.7680e-01  7.5172e-52
  2.0000e+06  5.1846e+14  3.1783e+06  1.6740e+00  6.6237e-01  4.0248e+03  6.8830e-01  7.5172e-52
  2.0000e+06  5.2139e+14  3.2085e+06  1.6859e+00  6.7921e-01  4.0360e+03  7.0000e-01  7.5172e-52
  2.0000e+06  5.2433e+14  3.2411e+06  1.6982e+00  6.9776e-01  4.0473e+03  7.1260e-01  7.5172e-52
  2.0000e+06  5.2358e+14  3.2654e+06  1.7113e+00  7.1705e-01  4.0599e+03  7.2540e-01  7.5172e-52
  2.0000e+06  5.3071e+14  3.3068e+06  1.7233e+00  7.3535e-01  4.0715e+03  7.3850e-01  7.5172e-52
  2.0000e+06  5.3435e+14  3.3418e+06  1.7359e+00  7.5497e-01  4.0838e+03  7.5180e-01  7.5172e-52
  2.0000e+06  5.3790e+14  3.3764e+06  1.7488e+00  7.7536e-01  4.0951e+03  7.6530e-01  7.5172e-52
  2.0000e+06  5.4116e+14  3.4115e+06  1.7618e+00  7.9624e-01  4.1071e+03  7.7910e-01  7.5172e-52
  2.0000e+06  5.4392e+14  3.4458e+06  1.7753e+00  8.1820e-01  4.1198e+03  7.9310e-01  7.5172e-52
  2.0000e+06  5.4005e+14  3.4680e+06  1.7932e+00  8.4462e-01  4.1316e+03  8.0730e-01 -8.7700e-52
  2.0000e+06  5.3596e+14  3.4918e+06  1.8135e+00  8.7399e-01  4.1438e+03  8.2190e-01  7.5172e-52
  2.0000e+06  5.3912e+14  3.5282e+06  1.8275e+00  8.9801e-01  4.1564e+03  8.3670e-01  7.5172e-52
  2.0000e+06  5.4191e+14  3.5638e+06  1.8416e+00  9.2243e-01  4.1680e+03  8.5170e-01  7.5172e-52
  2.0000e+06  5.4494e+14  3.6022e+06  1.8568e+00  9.4932e-01  4.1799e+03  8.6700e-01  7.5172e-52
  2.0000e+06  5.4774e+14  3.6381e+06  1.8718e+00  9.7514e-01  4.1926e+03  8.8260e-01  7.5172e-52
  2.0000e+06  5.5020e+14  3.6737e+06  1.8866e+00  1.0024e+00  4.2048e+03  8.9850e-01  7.5172e-52
  2.0000e+06  5.5282e+14  3.7102e+06  1.9009e+00  1.0292e+00  4.2167e+03  9.1470e-01  7.5172e-52
  2.0000e+06  5.5564e+14  3.7451e+06  1.9160e+00  1.0580e+00  4.2290e+03  9.3110e-01  7.5172e-52
  2.0000e+06  5.5868e+14  3.7803e+06  1.9299e+00  1.0863e+00  4.2414e+03  9.4790e-01  7.5172e-52
  2.0000e+06  5.6175e+14  3.8143e+06  1.9452e+00  1.1164e+00  4.2536e+03  9.6500e-01 -8.7700e-52
  2.0000e+06  5.6451e+14  3.8475e+06  1.9607e+00  1.1472e+00  4.2664e+03  9.8230e-01  7.5172e-52
  2.0000e+06  5.6674e+14  3.8776e+06  1.9758e+00  1.1797e+00  4.2792e+03  1.0000e+00  7.5172e-52
  2.0000e+06  5.6926e+14  3.9105e+06  1.9921e+00  1.2161e+00  4.2938e+03  1.0200e+00  7.5172e-52
  2.0000e+06  5.7397e+14  3.9488e+06  2.0093e+00  1.2548e+00  4.3091e+03  1.0410e+00  7.5172e-52
  2.0000e+06  5.7855e+14  3.9843e+06  2.0268e+00  1.2946e+00  4.3248e+03  1.0630e+00  7.5172e-52
  2.0000e+06  5.8321e+14  4.0202e+06  2.0444e+00  1.3372e+00  4.3408e+03  1.0840e+00  7.5172e-52
  2.0000e+06  5.8861e+14  4.0566e+06  2.0622e+00  1.3804e+00  4.3570e+03  1.1070e+00  7.5172e-52
  2.0000e+06  5.9379e+14  4.0911e+06  2.0802e+00  1.4267e+00  4.3731e+03  1.1290e+00  7.5172e-52
  2.0000e+06  5.9941e+14  4.1260e+06  2.0984e+00  1.4741e+00  4.3898e+03  1.1520e+00  7.5172e-52
  2.0000e+06  6.0524e+14  4.1595e+06  2.1172e+00  1.5244e+00  4.4076e+03  1.1760e+00  7.5172e-52
  2.0000e+06  6.1230e+14  4.1957e+06  2.1358e+00  1.5763e+00  4.4250e+03  1.2000e+00  7.5172e-52
  2.0000e+06  6.2135e+14  4.2331e+06  2.1536e+00  1.6283e+00  4.4425e+03  1.2250e+00  7.5172e-52
  2.0000e+06  6.2858e+14  4.2670e+06  2.1727e+00  1.6849e+00  4.4609e+03  1.2500e+00  7.5172e-52
  2.0000e+06  6.3584e+14  4.3009e+06  2.1931e+00  1.7456e+00  4.4798e+03  1.2750e+00  7.5172e-52
  2.0000e+06  6.4558e+14  4.3384e+06  2.2140e+00  1.8082e+00  4.4980e+03  1.3010e+00  7.5172e-52
  2.0000e+06  6.5359e+14  4.3717e+06  2.2352e+00  1.8745e+00  4.5170e+03  1.3280e+00  7.5172e-52
  2.0000e+06  6.6016e+14  4.4024e+06  2.2564e+00  1.9437e+00  4.5370e+03  1.3550e+00  7.5172e-52
  2.0000e+06  6.7112e+14  4.4393e+06  2.2786e+00  2.0171e+00  4.5570e+03  1.3830e+00  7.5172e-52
  2.0000e+06  6.7715e+14  4.4672e+06  2.3012e+00  2.0941e+00  4.5769e+03  1.4110e+00  7.5172e-52
  2.0000e+06  6.8696e+14  4.5008e+06  2.3251e+00  2.1752e+00  4.5970e+03  1.4400e+00  7.5172e-52
  2.0000e+06  6.9712e+14  4.5352e+06  2.3490e+00  2.2614e+00  4.6178e+03  1.4700e+00  7.5172e-52
  2.0000e+06  7.2238e+14  4.5852e+06  2.3651e+00  2.3346e+00  4.6390e+03  1.5000e+00  7.5172e-52
  2.0000e+06  7.3106e+14  4.6104e+06  2.3832e+00  2.4018e+00  4.6545e+03  1.5220e+00  7.5172e-52
  2.0000e+06  7.4050e+14  4.6366e+06  2.4018e+00  2.4723e+00  4.6698e+03  1.5440e+00 -8.7700e-52
  2.0000e+06  7.4992e+14  4.6627e+06  2.4210e+00  2.5443e+00  4.6851e+03  1.5660e+00  7.5172e-52
  2.0000e+06  7.5927e+14  4.6880e+06  2.4404e+00  2.6213e+00  4.7008e+03  1.5890e+00 -8.7700e-52
  2.0000e+06  7.7050e+14  4.7161e+06  2.4601e+00  2.7005e+00  4.7170e+03  1.6120e+00  7.5172e-52
  2.0000e+06  7.8143e+14  4.7433e+06  2.4805e+00  2.7832e+00  4.7332e+03  1.6350e+00  7.5172e-52
  2.0000e+06  7.9245e+14  4.7703e+06  2.5015e+00  2.8710e+00  4.7495e+03  1.6590e+00  2.3804e-51
  2.0000e+06  8.0559e+14  4.7995e+06  2.5227e+00  2.9609e+00  4.7668e+03  1.6830e+00  7.5172e-52
  2.0000e+06  8.2051e+14  4.8319e+06  2.5462e+00  3.0578e+00  4.7833e+03  1.7070e+00  7.5172e-52
  2.0000e+06  8.3490e+14  4.8625e+06  2.5687e+00  3.1574e+00  4.8002e+03  1.7320e+00  7.5172e-52
  2.0000e+06  8.5087e+14  4.8948e+06  2.5914e+00  3.2615e+00  4.8182e+03  1.7570e+00  7.5172e-52
  2.0000e+06  8.6564e+14  4.9256e+06  2.6161e+00  3.3736e+00  4.8362e+03  1.7830e+00  7.5172e-52
  2.0000e+06  8.8255e+14  4.9581e+06  2.6407e+00  3.4904e+00  4.8546e+03  1.8080e+00  7.5172e-52
  2.0000e+06  9.0062e+14  4.9920e+06  2.6664e+00  3.6139e+00  4.8735e+03  1.8350e+00  7.5172e-52
  2.0000e+06  9.1976e+14  5.0275e+06  2.6931e+00  3.7447e+00  4.8929e+03  1.8610e+00  7.5172e-52
  2.0000e+06  9.3992e+14  5.0634e+06  2.7201e+00  3.8835e+00  4.9122e+03  1.8880e+00  7.5172e-52
  2.0000e+06  9.6504e+14  5.1044e+06  2.7490e+00  4.0299e+00  4.9329e+03  1.9160e+00  7.5172e-52
  2.0000e+06  9.8989e+14  5.1456e+06  2.7784e+00  4.1882e+00  4.9533e+03  1.9430e+00  7.5172e-52
  2.0000e+06  1.0172e+15  5.1885e+06  2.8093e+00  4.3556e+00  4.9744e+03  1.9710e+00  7.5172e-52
  2.0000e+06  1.0388e+15  5.2264e+06  2.8425e+00  4.5379e+00  4.9962e+03  2.0000e+00  7.5172e-52
  2.0000e+06  1.0868e+15  5.2956e+06  2.8900e+00  4.8163e+00  5.0296e+03  2.0410e+00  7.5172e-52
  2.0000e+06  1.1333e+15  5.3641e+06  2.9435e+00  5.1283e+00  5.0628e+03  2.0830e+00  7.5172e-52
  2.0000e+06  1.1910e+15  5.4422e+06  3.0004e+00  5.4783e+00  5.0977e+03  2.1250e+00  7.5172e-52
  2.0000e+06  1.2563e+15  5.5283e+06  3.0619e+00  5.8772e+00  5.1355e+03  2.1690e+00  7.5172e-52
  2.0000e+06  1.3294e+15  5.6194e+06  3.1311e+00  6.3389e+00  5.1752e+03  2.2130e+00  7.5172e-52
  2.0000e+06  1.4131e+15  5.7197e+06  3.2090e+00  6.8805e+00  5.2181e+03  2.2590e+00  7.5172e-52
  2.0000e+06  1.5128e+15  5.8326e+06  3.2980e+00  7.5296e+00  5.2645e+03  2.3050e+00  2.3804e-51
  2.0000e+06  1.6300e+15  5.9587e+06  3.4004e+00  8.3218e+00  5.3153e+03  2.3520e+00  7.5172e-52
  2.0000e+06  1.7713e+15  6.1018e+06  3.5221e+00  9.3186e+00  5.3726e+03  2.4000e+00  7.5172e-52
  2.0000e+06  1.9620e+15  6.2767e+06  3.6717e+00  1.0639e+01  5.4400e+03  2.4490e+00  7.5172e-52
  2.0000e+06  2.1869e+15  6.4743e+06  3.8554e+00  1.2405e+01  5.5164e+03  2.5000e+00  7.5172e-52
  2.0000e+06  2.4732e+15  6.7086e+06  4.0759e+00  1.4780e+01  5.6053e+03  2.5510e+00  7.5172e-52
  2.0000e+06  2.8510e+15  6.9908e+06  4.3219e+00  1.7836e+01  5.7057e+03  2.6030e+00  2.3804e-51
  2.0000e+06  3.3780e+15  7.3398e+06  4.5710e+00  2.1640e+01  5.8227e+03  2.6560e+00  7.5172e-52
  2.0000e+06  4.1111e+15  7.7685e+06  4.8081e+00  2.6269e+01  5.9591e+03  2.7110e+00  7.5172e-52
  2.0000e+06  5.0902e+15  8.2644e+06  5.0258e+00  3.1942e+01  6.1202e+03  2.7660e+00  7.5172e-52
  2.0000e+06  6.6550e+15  8.9274e+06  5.1731e+00  3.9761e+01  6.3723e+03  2.8230e+00  7.5172e-52
  2.0000e+06  8.9256e+15  9.7132e+06  5.0928e+00  4.9853e+01  6.7959e+03  2.8810e+00  7.5172e-52
  2.0000e+06  1.2687e+16  1.0753e+07  4.8108e+00  6.3986e+01  7.4430e+03  2.9400e+00  7.5172e-52
  2.0000e+06  1.8825e+16  1.2063e+07  4.4615e+00  8.2849e+01  8.2440e+03  3.0000e+00  7.5172e-52
  2.0000e+06  2.5393e+16  1.3173e+07  4.1859e+00  9.9238e+01  8.9032e+03  3.0430e+00  7.5172e-52
  2.0000e+06  3.5190e+16  1.4528e+07  3.8759e+00  1.1874e+02  9.6781e+03  3.0880e+00  7.5172e-52
  2.0000e+06  5.0236e+16  1.6251e+07  3.5262e+00  1.4111e+02  1.0596e+04  3.1320e+00  7.5172e-52
  2.0000e+06  6.8547e+16  1.8604e+07  3.1708e+00  1.6191e+02  1.1561e+04  3.1780e+00  7.5172e-52
  2.0000e+06  7.5998e+16  2.0691e+07  2.8326e+00  1.6266e+02  1.2245e+04  3.2240e+00  7.5172e-52
  2.0000e+06  7.0797e+16  2.1234e+07  2.5897e+00  1.3744e+02  1.2277e+04  3.2700e+00  7.5172e-52
  2.0000e+06  6.9855e+16  2.1463e+07  2.4708e+00  1.2221e+02  1.2206e+04  3.3180e+00  7.5172e-52
  2.0000e+06  7.5006e+16  2.1914e+07  2.4289e+00  1.2701e+02  1.2436e+04  3.3660e+00 -8.7700e-52
  2.0000e+06  8.8781e+16  2.2758e+07  2.3952e+00  1.4844e+02  1.3018e+04  3.4150e+00  7.5172e-52
  2.0000e+06  1.0546e+17  2.3765e+07  2.3336e+00  1.7076e+02  1.3662e+04  3.4640e+00  7.5172e-52
  2.0000e+06  1.1217e+17  2.4585e+07  2.2658e+00  1.7921e+02  1.4031e+04  3.5140e+00  7.5172e-52
  2.0000e+06  1.1025e+17  2.4944e+07  2.2141e+00  1.7552e+02  1.4121e+04  3.5650e+00  7.5172e-52
  2.0000e+06  1.0737e+17  2.5077e+07  2.1965e+00  1.7419e+02  1.4152e+04  3.6170e+00  7.5172e-52
  2.0000e+06  1.0545e+17  2.5175e+07  2.2029e+00  1.7988e+02  1.4237e+04  3.6690e+00  7.5172e-52
  2.0000e+06  1.0390e+17  2.5280e+07  2.2185e+00  1.8895e+02  1.4365e+04  3.7220e+00  7.5172e-52
  2.0000e+06  1.0254e+17  2.5390e+07  2.2352e+00  1.9922e+02  1.4502e+04  3.7760e+00  7.5172e-52
  2.0000e+06  1.0110e+17  2.5500e+07  2.2520e+00  2.1010e+02  1.4640e+04  3.8310e+00  7.5172e-52
  2.0000e+06  9.9572e+16  2.5606e+07  2.2698e+00  2.2134e+02  1.4777e+04  3.8870e+00  7.5172e-52
  2.0000e+06  9.8102e+16  2.5708e+07  2.2876e+00  2.3335e+02  1.4916e+04  3.9430e+00  7.5172e-52
  2.0000e+06  9.6500e+16  2.5795e+07  2.3060e+00  2.4592e+02  1.5050e+04  4.0000e+00  7.5172e-52
  2.0000e+06  9.5437e+16  2.5881e+07  2.3201e+00  2.5607e+02  1.5159e+04  4.0450e+00  7.5172e-52
  2.0000e+06  9.4281e+16  2.5957e+07  2.3351e+00  2.6666e+02  1.5261e+04  4.0900e+00  7.5172e-52
  2.0000e+06  9.3133e+16  2.6028e+07  2.3501e+00  2.7775e+02  1.5370e+04  4.1360e+00  7.5172e-52
  2.0000e+06  9.1985e+16  2.6094e+07  2.3659e+00  2.8931e+02  1.5476e+04  4.1830e+00  7.5172e-52
  2.0000e+06  9.0855e+16  2.6165e+07  2.3810e+00  3.0130e+02  1.5580e+04  4.2290e+00 -8.7700e-52
  2.0000e+06  8.9748e+16  2.6240e+07  2.3972e+00  3.1372e+02  1.5686e+04  4.2770e+00  7.5172e-52
  2.0000e+06  8.8635e+16  2.6310e+07  2.4132e+00  3.2656e+02  1.5796e+04  4.3250e+00  7.5172e-52
  2.0000e+06  8.7527e+16  2.6380e+07  2.4287e+00  3.3982e+02  1.5902e+04  4.3730e+00  7.5172e-52
  2.0000e+06  8.6424e+16  2.6446e+07  2.4453e+00  3.5374e+02  1.6006e+04  4.4220e+00  7.5172e-52
  2.0000e+06  8.5363e+16  2.6512e+07  2.4614e+00  3.6818e+02  1.6112e+04  4.4720e+00  7.5172e-52
  2.0000e+06  8.4306e+16  2.6583e+07  2.4782e+00  3.8327e+02  1.6223e+04  4.5220e+00  7.5172e-52
  2.0000e+06  8.3268e+16  2.6650e+07  2.4955e+00  3.9912e+02  1.6334e+04  4.5730e+00  7.5172e-52
  2.0000e+06  8.2203e+16  2.6718e+07  2.5119e+00  4.1526e+02  1.6438e+04  4.6240e+00  7.5172e-52
  2.0000e+06  8.1172e+16  2.6780e+07  2.5295e+00  4.3217e+02  1.6549e+04  4.6760e+00  7.5172e-52
  2.0000e+06  8.0192e+16  2.6852e+07  2.5461e+00  4.5006e+02  1.6660e+04  4.7290e+00  7.5172e-52
  2.0000e+06  7.9191e+16  2.6920e+07  2.5636e+00  4.6833e+02  1.6770e+04  4.7820e+00  7.5172e-52
  2.0000e+06  7.8198e+16  2.6990e+07  2.5820e+00  4.8732e+02  1.6874e+04  4.8350e+00  7.5172e-52
  2.0000e+06  7.7188e+16  2.7054e+07  2.6000e+00  5.0726e+02  1.6984e+04  4.8900e+00  7.5172e-52
  2.0000e+06  7.6228e+16  2.7121e+07  2.6177e+00  5.2796e+02  1.7101e+04  4.9440e+00 -8.7700e-52
  2.0000e+06  7.5186e+16  2.7177e+07  2.6374e+00  5.4947e+02  1.7207e+04  5.0000e+00  7.5172e-52
  2.0000e+06  7.3750e+16  2.7278e+07  2.6655e+00  5.8355e+02  1.7375e+04  5.0850e+00  7.5172e-52
  2.0000e+06  7.2326e+16  2.7377e+07  2.6947e+00  6.1973e+02  1.7543e+04  5.1710e+00  7.5172e-52
  2.0000e+06  7.0997e+16  2.7480e+07  2.7228e+00  6.5836e+02  1.7720e+04  5.2590e+00  7.5172e-52
  2.0000e+06  6.9631e+16  2.7582e+07  2.7529e+00  6.9893e+02  1.7884e+04  5.3480e+00  7.5172e-52
  2.0000e+06  6.8299e+16  2.7683e+07  2.7829e+00  7.4206e+02  1.8057e+04  5.4390e+00  7.5172e-52
  2.0000e+06  6.6991e+16  2.7775e+07  2.8131e+00  7.8807e+02  1.8235e+04  5.5310e+00  7.5172e-52
  2.0000e+06  6.5779e+16  2.7883e+07  2.8430e+00  8.3677e+02  1.8413e+04  5.6250e+00  7.5172e-52
  2.0000e+06  6.4477e+16  2.7979e+07  2.8748e+00  8.8848e+02  1.8587e+04  5.7200e+00  7.5172e-52
  2.0000e+06  6.3263e+16  2.8076e+07  2.9067e+00  9.4327e+02  1.8761e+04  5.8170e+00  7.5172e-52
  2.0000e+06  6.2046e+16  2.8170e+07  2.9394e+00  1.0021e+03  1.8939e+04  5.9160e+00  2.3804e-51
  2.0000e+06  6.0889e+16  2.8277e+07  2.9712e+00  1.0636e+03  1.9117e+04  6.0160e+00  2.3804e-51
  2.0000e+06  5.9729e+16  2.8380e+07  3.0049e+00  1.1291e+03  1.9303e+04  6.1180e+00  7.5172e-52
  2.0000e+06  5.8588e+16  2.8480e+07  3.0386e+00  1.1985e+03  1.9482e+04  6.2220e+00  7.5172e-52
  2.0000e+06  5.7485e+16  2.8576e+07  3.0724e+00  1.2718e+03  1.9666e+04  6.3280e+00  7.5172e-52
  2.0000e+06  5.6364e+16  2.8674e+07  3.1070e+00  1.3502e+03  1.9848e+04  6.4350e+00  7.5172e-52
  2.0000e+06  5.5311e+16  2.8775e+07  3.1418e+00  1.4331e+03  2.0035e+04  6.5440e+00  7.5172e-52
  2.0000e+06  5.4276e+16  2.8871e+07  3.1774e+00  1.5208e+03  2.0221e+04  6.6550e+00  7.5172e-52
  2.0000e+06  5.3261e+16  2.8974e+07  3.2133e+00  1.6145e+03  2.0414e+04  6.7680e+00  7.5172e-52
  2.0000e+06  5.2247e+16  2.9075e+07  3.2489e+00  1.7125e+03  2.0595e+04  6.8830e+00  7.5172e-52
  2.0000e+06  5.1252e+16  2.9174e+07  3.2861e+00  1.8168e+03  2.0784e+04  7.0000e+00  7.5172e-52
  2.0000e+06  5.0207e+16  2.9277e+07  3.3253e+00  1.9333e+03  2.0987e+04  7.1260e+00  2.3804e-51
  2.0000e+06  4.9200e+16  2.9380e+07  3.3655e+00  2.0574e+03  2.1186e+04  7.2540e+00  7.5172e-52
  2.0000e+06  4.8191e+16  2.9485e+07  3.4072e+00  2.1898e+03  2.1391e+04  7.3850e+00  2.3804e-51
  2.0000e+06  4.7211e+16  2.9591e+07  3.4495e+00  2.3307e+03  2.1591e+04  7.5180e+00  7.5172e-52
  2.0000e+06  4.6257e+16  2.9700e+07  3.4902e+00  2.4774e+03  2.1792e+04  7.6530e+00  7.5172e-52
  2.0000e+06  4.5329e+16  2.9800e+07  3.5328e+00  2.6336e+03  2.1996e+04  7.7910e+00  7.5172e-52
  2.0000e+06  4.4414e+16  2.9902e+07  3.5758e+00  2.7982e+03  2.2202e+04  7.9310e+00  7.5172e-52
  2.0000e+06  4.3524e+16  3.0002e+07  3.6197e+00  2.9729e+03  2.2402e+04  8.0730e+00  7.5172e-52
  2.0000e+06  4.2653e+16  3.0110e+07  3.6644e+00  3.1574e+03  2.2599e+04  8.2190e+00  7.5172e-52
  2.0000e+06  4.1796e+16  3.0210e+07  3.7095e+00  3.3522e+03  2.2803e+04  8.3670e+00  7.5172e-52
  2.0000e+06  4.0974e+16  3.0317e+07  3.7546e+00  3.5593e+03  2.3007e+04  8.5170e+00  7.5172e-52
  2.0000e+06  4.0162e+16  3.0420e+07  3.8017e+00  3.7802e+03  2.3215e+04  8.6700e+00  7.5172e-52
  2.0000e+06  3.9368e+16  3.0520e+07  3.8486e+00  4.0136e+03  2.3418e+04  8.8260e+00  7.5172e-52
  2.0000e+06  3.8596e+16  3.0630e+07  3.8960e+00  4.2607e+03  2.3621e+04  8.9850e+00  7.5172e-52
  2.0000e+06  3.7836e+16  3.0730e+07  3.9454e+00  4.5244e+03  2.3830e+04  9.1470e+00 -8.7700e-52
  2.0000e+06  3.7095e+16  3.0839e+07  3.9952e+00  4.8025e+03  2.4039e+04  9.3120e+00 -8.7700e-52
  2.0000e+06  3.6374e+16  3.0940e+07  4.0451e+00  5.0991e+03  2.4253e+04  9.4790e+00  7.5172e-52
  2.0000e+06  3.5672e+16  3.1050e+07  4.0964e+00  5.4126e+03  2.4456e+04  9.6500e+00  7.5172e-52
  2.0000e+06  3.4979e+16  3.1150e+07  4.1491e+00  5.7457e+03  2.4671e+04  9.8230e+00  7.5172e-52
  2.0000e+06  3.4307e+16  3.1260e+07  4.2023e+00  6.0988e+03  2.4881e+04  1.0000e+01  7.5172e-52
  2.0000e+06  3.3550e+16  3.1380e+07  4.2650e+00  6.5277e+03  2.5124e+04  1.0200e+01  7.5172e-52
  2.0000e+06  3.2825e+16  3.1500e+07  4.3280e+00  6.9854e+03  2.5365e+04  1.0410e+01 -8.7700e-52
  2.0000e+06  3.2123e+16  3.1620e+07  4.3933e+00  7.4737e+03  2.5603e+04  1.0630e+01  7.5172e-52
  2.0000e+06  3.1435e+16  3.1748e+07  4.4593e+00  7.9964e+03  2.5842e+04  1.0840e+01  7.5172e-52
  2.0000e+06  3.0763e+16  3.1870e+07  4.5276e+00  8.5561e+03  2.6090e+04  1.1070e+01  7.5172e-52
  2.0000e+06  3.0106e+16  3.1992e+07  4.5963e+00  9.1496e+03  2.6336e+04  1.1290e+01  7.5172e-52
  2.0000e+06  2.9471e+16  3.2120e+07  4.6671e+00  9.7912e+03  2.6575e+04  1.1520e+01  7.5172e-52
  2.0000e+06  2.8851e+16  3.2244e+07  4.7400e+00  1.0474e+04  2.6823e+04  1.1760e+01  7.5172e-52
  2.0000e+06  2.8251e+16  3.2369e+07  4.8131e+00  1.1205e+04  2.7072e+04  1.2000e+01  7.5172e-52
  2.0000e+06  2.7679e+16  3.2499e+07  4.8864e+00  1.1975e+04  2.7312e+04  1.2250e+01  7.5172e-52
  2.0000e+06  2.7114e+16  3.2623e+07  4.9609e+00  1.2805e+04  2.7564e+04  1.2500e+01  7.5172e-52
  2.0000e+06  2.6553e+16  3.2757e+07  5.0384e+00  1.3690e+04  2.7817e+04  1.2750e+01  7.5172e-52
  2.0000e+06  2.6020e+16  3.2881e+07  5.1159e+00  1.4627e+04  2.8059e+04  1.3010e+01  7.5172e-52
  2.0000e+06  2.5481e+16  3.3013e+07  5.1965e+00  1.5623e+04  2.8310e+04  1.3280e+01  7.5172e-52
  2.0000e+06  2.4954e+16  3.3137e+07  5.2806e+00  1.6691e+04  2.8549e+04  1.3550e+01  7.5172e-52
  2.0000e+06  2.4437e+16  3.3273e+07  5.3663e+00  1.7837e+04  2.8790e+04  1.3830e+01  7.5172e-52
  2.0000e+06  2.3932e+16  3.3400e+07  5.4555e+00  1.9048e+04  2.9030e+04  1.4110e+01  7.5172e-52
  2.0000e+06  2.3447e+16  3.3535e+07  5.5453e+00  2.0338e+04  2.9270e+04  1.4400e+01  7.5172e-52
  2.0000e+06  2.2968e+16  3.3667e+07  5.6380e+00  2.1695e+04  2.9500e+04  1.4700e+01  7.5172e-52
  2.0000e+06  2.2504e+16  3.3796e+07  5.7339e+00  2.3144e+04  2.9727e+04  1.5000e+01  7.5172e-52
  2.0000e+06  2.2185e+16  3.3892e+07  5.8016e+00  2.4211e+04  2.9892e+04  1.5220e+01  7.5172e-52
  2.0000e+06  2.1869e+16  3.3989e+07  5.8721e+00  2.5343e+04  3.0052e+04  1.5440e+01  7.5172e-52
  2.0000e+06  2.1564e+16  3.4079e+07  5.9425e+00  2.6522e+04  3.0216e+04  1.5660e+01  7.5172e-52
  2.0000e+06  2.1257e+16  3.4176e+07  6.0137e+00  2.7746e+04  3.0378e+04  1.5890e+01  7.5172e-52
  2.0000e+06  2.0969e+16  3.4273e+07  6.0873e+00  2.9045e+04  3.0545e+04  1.6120e+01  7.5172e-52
  2.0000e+06  2.0679e+16  3.4365e+07  6.1609e+00  3.0387e+04  3.0703e+04  1.6350e+01  7.5172e-52
  2.0000e+06  2.0398e+16  3.4460e+07  6.2349e+00  3.1784e+04  3.0864e+04  1.6590e+01  7.5172e-52
  2.0000e+06  2.0116e+16  3.4556e+07  6.3104e+00  3.3237e+04  3.1026e+04  1.6830e+01  7.5172e-52
  2.0000e+06  1.9848e+16  3.4661e+07  6.3875e+00  3.4774e+04  3.1185e+04  1.7070e+01  7.5172e-52
  2.0000e+06  1.9578e+16  3.4757e+07  6.4662e+00  3.6374e+04  3.1349e+04  1.7320e+01  7.5172e-52
  2.0000e+06  1.9309e+16  3.4853e+07  6.5459e+00  3.8035e+04  3.1506e+04  1.7570e+01  7.5172e-52
  2.0000e+06  1.9061e+16  3.4953e+07  6.6265e+00  3.9783e+04  3.1666e+04  1.7830e+01  7.5172e-52
  2.0000e+06  1.8803e+16  3.5049e+07  6.7085e+00  4.1589e+04  3.1821e+04  1.8080e+01  7.5172e-52
  2.0000e+06  1.8553e+16  3.5150e+07  6.7919e+00  4.3500e+04  3.1980e+04  1.8350e+01  7.5172e-52
  2.0000e+06  1.8314e+16  3.5247e+07  6.8774e+00  4.5482e+04  3.2139e+04  1.8610e+01  7.5172e-52
  2.0000e+06  1.8076e+16  3.5345e+07  6.9631e+00  4.7544e+04  3.2295e+04  1.8880e+01  7.5172e-52
  2.0000e+06  1.7839e+16  3.5446e+07  7.0511e+00  4.9698e+04  3.2455e+04  1.9150e+01  7.5172e-52
  2.0000e+06  1.7603e+16  3.5553e+07  7.1410e+00  5.1963e+04  3.2606e+04  1.9430e+01  2.3804e-51
  2.0000e+06  1.7382e+16  3.5649e+07  7.2319e+00  5.4310e+04  3.2761e+04  1.9710e+01  7.5172e-52
  2.0000e+06  1.7162e+16  3.5754e+07  7.3250e+00  5.6765e+04  3.2917e+04  2.0000e+01  7.5172e-52
  2.0000e+06  1.6855e+16  3.5893e+07  7.4570e+00  6.0388e+04  3.3136e+04  2.0410e+01  7.5172e-52
  2.0000e+06  1.6553e+16  3.6044e+07  7.5971e+00  6.4241e+04  3.3335e+04  2.0830e+01  7.5172e-52
  2.0000e+06  1.6271e+16  3.6186e+07  7.7411e+00  6.8318e+04  3.3540e+04  2.1250e+01 -8.7700e-52
  2.0000e+06  1.5985e+16  3.6332e+07  7.8882e+00  7.2644e+04  3.3738e+04  2.1690e+01  7.5172e-52
  2.0000e+06  1.5706e+16  3.6476e+07  8.0414e+00  7.7244e+04  3.3930e+04  2.2130e+01  7.5172e-52
  2.0000e+06  1.5444e+16  3.6624e+07  8.1960e+00  8.2079e+04  3.4125e+04  2.2590e+01  7.5172e-52
  2.0000e+06  1.5192e+16  3.6778e+07  8.3539e+00  8.7217e+04  3.4315e+04  2.3050e+01  7.5172e-52
  2.0000e+06  1.4939e+16  3.6927e+07  8.5124e+00  9.2623e+04  3.4509e+04  2.3520e+01  7.5172e-52
  2.0000e+06  1.4693e+16  3.7072e+07  8.6740e+00  9.8311e+04  3.4703e+04  2.4000e+01  7.5172e-52
  2.0000e+06  1.4456e+16  3.7222e+07  8.8419e+00  1.0434e+05  3.4885e+04  2.4490e+01  7.5172e-52
  2.0000e+06  1.4218e+16  3.7367e+07  9.0151e+00  1.1069e+05  3.5058e+04  2.5000e+01 -8.7700e-52
  2.0000e+06  1.3983e+16  3.7509e+07  9.1930e+00  1.1729e+05  3.5226e+04  2.5510e+01  7.5172e-52
  2.0000e+06  1.3754e+16  3.7656e+07  9.3776e+00  1.2428e+05  3.5387e+04  2.6030e+01  7.5172e-52
  2.0000e+06  1.3531e+16  3.7809e+07  9.5707e+00  1.3162e+05  3.5538e+04  2.6560e+01  7.5172e-52
  2.0000e+06  1.3313e+16  3.7960e+07  9.7719e+00  1.3927e+05  3.5666e+04  2.7110e+01  7.5172e-52
  2.0000e+06  1.3102e+16  3.8106e+07  9.9814e+00  1.4734e+05  3.5798e+04  2.7660e+01  7.5172e-52
  2.0000e+06  1.2893e+16  3.8256e+07  1.0193e+01  1.5574e+05  3.5916e+04  2.8230e+01  7.5172e-52
  2.0000e+06  1.2693e+16  3.8404e+07  1.0410e+01  1.6464e+05  3.6027e+04  2.8810e+01  7.5172e-52
  2.0000e+06  1.2494e+16  3.8558e+07  1.0643e+01  1.7401e+05  3.6138e+04  2.9400e+01  7.5172e-52
  2.0000e+06  1.2306e+16  3.8708e+07  1.0872e+01  1.8380e+05  3.6241e+04  3.0000e+01  7.5172e-52
  2.0000e+06  1.2067e+16  3.8914e+07  1.1198e+01  1.9715e+05  3.6345e+04  3.0780e+01  7.5172e-52
  2.0000e+06  1.1825e+16  3.9105e+07  1.1540e+01  2.1141e+05  3.6429e+04  3.1570e+01  7.5172e-52
  2.0000e+06  1.1589e+16  3.9306e+07  1.1904e+01  2.2657e+05  3.6498e+04  3.2390e+01  7.5172e-52
  2.0000e+06  1.1364e+16  3.9513e+07  1.2276e+01  2.4267e+05  3.6552e+04  3.3230e+01  7.5172e-52
  2.0000e+06  1.1140e+16  3.9716e+07  1.2678e+01  2.5976e+05  3.6598e+04  3.4090e+01  7.5172e-52
  2.0000e+06  1.0928e+16  3.9919e+07  1.3090e+01  2.7784e+05  3.6626e+04  3.4970e+01  7.5172e-52
  2.0000e+06  1.0724e+16  4.0124e+07  1.3531e+01  2.9715e+05  3.6637e+04  3.5870e+01  7.5172e-52
  2.0000e+06  1.0523e+16  4.0324e+07  1.3995e+01  3.1745e+05  3.6622e+04  3.6800e+01  7.5172e-52
  2.0000e+06  1.0335e+16  4.0541e+07  1.4478e+01  3.3883e+05  3.6598e+04  3.7750e+01  7.5172e-52
  2.0000e+06  1.0153e+16  4.0745e+07  1.5002e+01  3.6159e+05  3.6537e+04  3.8730e+01  7.5172e-52
  2.0000e+06  9.9684e+15  4.0959e+07  1.5572e+01  3.8565e+05  3.6452e+04  3.9730e+01  7.5172e-52
  2.0000e+06  9.7958e+15  4.1174e+07  1.6183e+01  4.1091e+05  3.6327e+04  4.0760e+01  7.5172e-52
  2.0000e+06  9.6283e+15  4.1382e+07  1.6837e+01  4.3751e+05  3.6175e+04  4.1810e+01  7.5172e-52
  2.0000e+06  9.4673e+15  4.1603e+07  1.7553e+01  4.6564e+05  3.5988e+04  4.2900e+01  7.5172e-52
  2.0000e+06  9.3119e+15  4.1816e+07  1.8300e+01  4.9520e+05  3.5789e+04  4.4010e+01 -8.7700e-52
  2.0000e+06  9.1606e+15  4.2049e+07  1.9159e+01  5.2654e+05  3.5519e+04  4.5140e+01  7.5172e-52
  2.0000e+06  9.0174e+15  4.2270e+07  2.0020e+01  5.5903e+05  3.5276e+04  4.6310e+01  7.5172e-52
  2.0000e+06  8.8781e+15  4.2492e+07  2.0946e+01  5.9295e+05  3.4999e+04  4.7510e+01  7.5172e-52
  2.0000e+06  8.7451e+15  4.2717e+07  2.1964e+01  6.2828e+05  3.4672e+04  4.8740e+01  7.5172e-52
  2.0000e+06  8.6147e+15  4.2950e+07  2.3119e+01  6.6527e+05  3.4284e+04  5.0000e+01  7.5172e-52
  2.0000e+06  8.5359e+15  4.3115e+07  2.3903e+01  6.9018e+05  3.4029e+04  5.0850e+01  7.5172e-52
  2.0000e+06  8.4555e+15  4.3277e+07  2.4768e+01  7.1611e+05  3.3739e+04  5.1710e+01  7.5172e-52
  2.0000e+06  8.3851e+15  4.3459e+07  2.5740e+01  7.4342e+05  3.3406e+04  5.2590e+01 -8.7700e-52
  2.0000e+06  8.3074e+15  4.3612e+07  2.6685e+01  7.7054e+05  3.3106e+04  5.3480e+01  7.5172e-52
  2.0000e+06  8.2417e+15  4.3791e+07  2.7750e+01  7.9899e+05  3.2763e+04  5.4390e+01  7.5172e-52
  2.0000e+06  8.1578e+15  4.3957e+07  2.8939e+01  8.2874e+05  3.2370e+04  5.5310e+01  7.5172e-52
  2.0000e+06  8.0774e+15  4.4140e+07  3.0309e+01  8.6010e+05  3.1926e+04  5.6250e+01  7.5172e-52
  2.0000e+06  8.0011e+15  4.4327e+07  3.1782e+01  8.9230e+05  3.1464e+04  5.7200e+01  7.5172e-52
  2.0000e+06  7.9303e+15  4.4518e+07  3.3352e+01  9.2536e+05  3.0998e+04  5.8170e+01  7.5172e-52
  2.0000e+06  7.8617e+15  4.4709e+07  3.5106e+01  9.5943e+05  3.0481e+04  5.9160e+01  7.5172e-52
  2.0000e+06  7.7964e+15  4.4903e+07  3.6957e+01  9.9438e+05  2.9977e+04  6.0160e+01 -8.7700e-52
  2.0000e+06  7.7360e+15  4.5106e+07  3.9005e+01  1.0303e+06  2.9443e+04  6.1180e+01  7.5172e-52
  2.0000e+06  7.7065e+15  4.5335e+07  4.0881e+01  1.0665e+06  2.9014e+04  6.2220e+01  7.5172e-52
  2.0000e+06  7.6278e+15  4.5518e+07  4.3568e+01  1.1040e+06  2.8348e+04  6.3280e+01  7.5172e-52
  2.0000e+06  7.6088e+15  4.5722e+07  4.5495e+01  1.1388e+06  2.7951e+04  6.4350e+01  7.5172e-52
  2.0000e+06  7.5388e+15  4.5957e+07  4.9197e+01  1.1827e+06  2.7141e+04  6.5440e+01  7.5172e-52
  2.0000e+06  7.5471e+15  4.6292e+07  5.2902e+01  1.2256e+06  2.6402e+04  6.6550e+01  7.5172e-52
  2.0000e+06  7.5064e+15  4.6518e+07  5.6697e+01  1.2666e+06  2.5716e+04  6.7680e+01  7.5172e-52
  2.0000e+06  7.4856e+15  4.6758e+07  6.0590e+01  1.3074e+06  2.5075e+04  6.8830e+01  7.5172e-52
  2.0000e+06  7.5044e+15  4.7132e+07  6.6363e+01  1.3538e+06  2.4168e+04  7.0000e+01  7.5172e-52